     2299     2484       55        2        3        4     2441     2459     1517     2402       66     2429     2445       64       13       10       67      268       68     2391     2488       73        7     2489       25     2401     2442      601      187        0     2212     2491     2471      457       35      138      458      234     2427      554     2478       92       94     2451       43     2374        1       99       46     2477       49
     2332       29     2428       12      156     2244       20      158     2482       61      529      217     2453      217     2255      633      118       17       18       32      122       70       20       73       11     2434       52       33     2248      137       -1       65       82      136     2497       57       35       87     2468     2160      143     2282       79       41       23     2206      150       59      100      150       22
      107      204      106      104      158      211       75       58     2421     2467       86       43       62       72      270       68      117     2354      389       26     1268      101     2350     2334      119      126       54      131      129      289      185      132      115       63      290      235      137      125      340     2337      351      657      134       90       19      148       97      201      199      128      100
       76      135      206      161       98       55      160      109      103      213      124       31      114       61      218      146       53      838       56      223     2435      175      227      164      226      177     2389     1616      179      292      192     2393      131      182      190      239      113      140      112      186     2496      181      397      248      184      151      251       81      148      201      200
      102      104      205      173       92      110      168       51      210      161      193      214     2213      117      116        6      323      153        9      120      108      191      792      177      227       96      198      203      335      219      859       28      185      236      180      291      121      704      225      192     2378       27      297      242      195       25      157     1988      231     2271      202
      224      221      169     2325      256      312      230      263      848      229       93      317      266      628      171      321      189      220      127     2174       95      194      328      207       83      120       89      274      280      232      222      249      216       36      290       80      136      241      247      243      294      176      653       38      248      452      253      261      288      303      252
      359      269      564      718      123      255      364      311      286      367      298      268      208      145      310      425      270       15      275       45      215      328      432      318      273      154       40       48      386      744     2493      332      390      330      183      251      111      320      396       49      264      287      861      450      250      453      404      354      352      163      313
      144      306      357      411      285      363      726      724     2395      209      369      282      627      371      422      278      333      322      341      479      307      301      793      328      302      366      435      434      122      490      258      440      170      442      355      378      352      445      550      707      396      342      451      399      373      403      351      348      377      392      458
      337      314      408      463      233      362      240      468      417      415      281      523      211      367      421      265      316       64      141      336      376      139      482      359      226      409      385      384      423      386      437      433      696      197      545      356       85      395      429       77      553      500      706      349      393      300      401      420      404      245       37
      431      564      454      411      514      391      329     1692      350      521      319      469      419      471      259      436      526      427      425      530      478      166      279      586      482      483      405       30      339      539      346      591      476      542      361      495      547      467      498      445      489      448      325      418      276      465      504      486      491      381      559
      561      444      460      324      308      372      465      496      455      520      571      730      343      574      501      526      627      470      524      323      582      515      584      517      697      587      446      485      441      437      398      518      544      492      490      793      473      442      481      296      344      410      500      450       78      531      513      244      549      457      509
      612      506      511      309      514      271      347      487      619     2466      623      293      485      626      474      525      572        8      578      567      573      477      305      480      503      790      484      548      537      426      335      644      581      212      345      414      461      540      547      375      303      499      654      552      551      657      557      546      588      559      568
      870      368      615      720      412      507      777      723      569      724      387      675      623      616      421      317      480      628      555      575      787      379      558      607      611      739      432      587      590      533      591      617      695      600      502      595      641      701      562      598      625      195      604      292      566      142      650      648      640      522      636
      715      612      527      613      668      615      464      528      646      620      643      725      727      930      605      658      406      594      326      683      737      632      689      670      593      637      638      656      602      744      596      695      745      845      283      693      700      647      700      609      257       39      651      297      143      707      652      761      691      556      764
      680      868      715      459      258      634      872      563      597      621      618      623      676      468      729      727      364      595      784      731      682      717      684      842      681      586      635      238      714      536      440      642      443      665      677      697      493      662      382      701      722      669      538      608      679      810      721      711      585      331      671
      666      818      763      747      424      660      773      771      820      687      541      762      363      735     2439      776      673      740      742      834      780      583      683      741      737      789      703      633      534      744      846      774      745      748      747      686      631      786      957      439      800      807      857      778      719      708      782      862      705      762      814
      768      869      715      760      720      771      821      752      791      798      709      878      757      880     2483      882      775      813      887      784      447      690      263      804      659      764      685      842      769      545      794      678      385      816      746      758      847      908      905      803      855     1306      743      645      839      655      788      812      801      814      702
      750      664      766      819      820      564      783      781      837      978      929      928      765      777      570      934      830      866      844      796      838      939      888      840      942      754      873      826      823      860      852      886      950      661     1004      712     1051      905     1008      854      858      959      895      897      962      861      912      849      808      893      751
      802      918      864      890      767      909      872      836      577      874      876      878      466      880      927      985      933      915     1040      896      862      887      921      805      839      941      907      998      945      851      949      950     1002      756      785      901      902      944      904      853      738     1215      908      698      912      900      770      884     1018      825     1019
     1125      935      828      973     1023      505      875      971      879     1074      928      919      929     2390      952      910     1088      934      965      936      955      984      622      991      976      963      943      937      951      832      925      859      926      848     1054      857      980      954      961      855      761     1062      922      920      630      967     1005     1068      958     1069      915
     1124      964      974      982      809      881     1180     1021      779     1131      975      365      811      824     1085      755     1087      987      883      917     1094     1011     1095      850      997     1096     1045     1502     1098      998      938     1219     1050     1103     1318     1012     1015     1006     1037      578      990     1017      959      580      894     1066     1119      916      977     1119     1009
      898     1020      870      930     1126     1024     1070     1026     1023     1029     1033      833     1031     1073      982      989      985     1140     1088      991     1143     1091     1097     1042     1303     1251     1040     1304     1048     1013     1050     1007     1363     1053     1032      940     1210     1102      892     1076     1054     1044     1165     1022     1167     1035     1082     1170     1172     1069     1120
     1225     1041      969     1114     1127     1230     1117     1078     1229     1183     1079      995     1083     1056     1014      994     1136      983     1038     1071     1125     1093      932     1146     1093     1096     1027     1128     1001     1116     1148     1077     1259      867     1153     1090     1209     1158     1081     1162     1212     1049     1113     1217     1152     1218      508      947     1066     1139     1019
     1141     1122     1086     1043     1155     1112     1127     1387     1135     1130     1182     1156      885     1060     1188     1239     1061     1242     1133     1149     1245      996     1151     1058     1185     1197     1147     1144     1108     1173     1192     1059     1257     1063     1186      970     1107     1265     1064     1263     1105     1202      903     1196     1062     1217     1004     1219     1203      733     1191
     1137     1226     1380     1226     1484      978     1281     1216     1285     2426     1168     1183     1198     1236     1206     1207     1211     1039     1030     1294     1240     1349     1171     1239     1249     1301     1246     1098     1253     1251     1163     1223     1224     1311     1175     1308     1214      841     1263     1210     1212     1414     1160     1318     1204     1189     1166     1110      999     1274     1325
     1178     1100     1329     1260     1067     1031     1180     1176     1232     1283     1180     1231     1181     1270     1241     1169     1255     1106     1288     1254     1084     1271     1245     1296     1286     1457     1351     1236     1047     1146     1261     1002     1308     1103     1257     1309     1154     1258     1201     1111     1109     1157     1366     1215     1254     1732     1373     1194     1427     1123     1375
     1177     1328     1213     1432     1228     1382     1295     1294     1242     1292     1328     1338     1388     1338     1291     1272     1299     1222     1395     1347     1397     1344     1312     1303     1335     1300     1406     1354     1352     1350     1247     1461     1256     1265     1290     1360     1315     1359     1363     1416     1417     1368     1418      993     1150     1422     1624     1475     1361     1323     1325
     1479      954     1293     1382     1329     1330     1132     1382     1370     1244     1130     1285     1369     1378     1362     1598     1649     1804     1443     1345     1396     1379      923     1349     1351     1401     1355     1298     1374     1301     1279     1302     1357     1386     1221     1413     1324     1314     1404     1366     1364     1317     1238     1250     1372     1473     1313     1373     1420     1068     1526
     1377     1390     1482     1336     1225     1425     1435     1486      830     1539     1287     1343     1415     1442     1142     2060     1546     1200     1405     1055     1282     1442     1431     1400     1438     1452     1322     1457     1455     1400     1398     1446     1340     1513     1453     1403     1399     1414     1052     1413     1407     1466     1423     1472     1523     1472     1467     1622     1429     1529     1527
     1383     1332     1533     1481     1385     1229     1462     1384     1435     1326     1437     1138     1208     1464     1459     1358     1444     1543     2009     1550     1758     1497     1552     1333     1470     1505     1305     1356     1456     1448     1457     1511     1509     1490     1618     1620     1289     1488     1000     1508     1342     1727     1677     1389     1676     1269     1473     1475     1427     1492     1478
     1582     1505     1481     1483     1458     1586     1695     1450     1439     1436     1541     1489     1476     1750     1648     1480     1392     1494     1449     1603     1499     1454     1604     1538     1606     1276     1516     1445     1548     1537     1491     1545     1524     1511      914     1522     1567     1514     1569     1567     1528     1195     1411     1574     1521     1485     1560     1559     1320     1529     1579
     1506     1634     1547     1426     1234     1536     1278     1642     1542     1512     1585     1503     1474     1583     1496     1544     1587     1393     1598     1275     1557     1654     1552     1500     1581     2018     1575     1609     1493     1576     1348     1607     1665     1410     1584     1319     1566     1306     1577     1513     1615     1578     1727     1268     1614     1574     1626     1561     1680     1564     1580
     1571     1591     1636     1687     1896     1555     1558     1590     1588     1640     1536     1642     1565     1341     1647     2059     1649     1751     1599     1610     1703     1391     1706     1612     1440     1531     1709     1625     1468     1334     1660     1316     1820     1664     1665     1637     1630     1668     1671     1620     1597     1447     1729     1623     1526     1520     1523     1433     1578     1662     1619
     1735     1644     1735     1685     1738     1687     1684     1691     1539     1280     1594     1691     1484     1633     1502     1638     1519     1648     1184     1653     1651     1611     1672     1550     1549     1696     1761     1028     1651     1655     1408     1601     1656     1768     1592     1697     1553     1551     1669     1670     1721     1776     1698     1639     1674     1677     1678     1266     1645     1421     1693
     1715     1634     1685     1723     1843     1562     1705     1657     1704     1460     2001     1798     1712     1689     1800     1718     2011     1803     1711     1663     1419     1661     1725     1706     1707     1752     1483     1606     1865     1025     1765     1763     1681     2430     1769     1821     1667     1708     1721     1593     1766     1828     1775     1774     1746     1741     1659     1742     1534     1732     1783
     1888     1753     1733     1778     1609     1791     1738     1679     1720     1756     1572     1848     1556     2263     1779     1749     1792     1781     1907     1647     1789     1857     1463     1773     1807     1632     1731     1726     1762     1730     1589     1797     1869     1515     2177     1819     1665     2176     1788     1739     1714     1878     1800     1826     1770     1605     1812     1816     1701     1885     1771
     1786     1785     1743     1838     1600     1621     1518     1844     1686     1844     1845     1808     2204     1951     1851     1901     1710     1786     1957     1805     1825     1737     1673     1815     1734     1823     1719     1761     1810     1916     1782     1760     1859     1870     1921     1818     1777     1795     1822     1847     1682     1628     2034     2087     1858     1932     1713     1570     1814     1783     1834
     1787     1836     1832     1875     1740     1872     1717     1809     1861     1479     1889     1867     1849     1901     1899     1233     2412     1882     1702     1854     1394     1853     1908     1880     1910     1963     1873     1862     1916     1863     1891     1884     1920     1869     1972     1871     1692     1794     1801     1923     1765     1979     1895     1878     1898     1983     1917     1887     1754     1885     1857
     1933     1925     1833     1927     1902     2045     1894     1997     2100     1998     2099     2156     1899     1949     1900     1944     1922     1931     2007     1803     1924     1907     1904     1868     1811     2015     1953     2017     1830     1915     1940     2020     1938     1842     2075     1864     2134     2286     2131     1976     1780     1980     2082     1877     1930     1879     1905     1860     2088     1866     1469
     2040     2043     1968     2044     1973     1942     1943     1838     2048     1948     1883     2051     1745     1929     1985     1934     2150     1914     1957     1955     1395     2004     1497     1958     2064     1964     1896     2320     2121     1852     2014     2176     2015     2124     1996     1972     2018     2338     1841     1977     1827     2031     1979     1935     1982     1983     2034     1978     1986     2019     2038
     2091     1824     1990     1981     1926     2098     1995     2032     1998     2002     1946     1948     2021     1999     2105     1755     2108     1908     1855     1595     2029     2003     1840     1747     2065     2015     2065     1890     2062     2120     1991     2123     2044     2022     1759     1819     2053     2078     2026     2138     2028     2049     2052     1937     2027     1966     1960     2060     2085     1984     2041
     2092     2093     2042     2093     2070     2076     2067     1744     2102     2155     1994     2050     1954     1913     2156     2083     2097     2005     2108     1993     2010     2217     2218     2166     2008     2064     2023     2066     1987     2171     2273     1970     2432     2331     1835     2075     2025     2101     2061     2107     2185     2287     2089     2079     2136     2134     2136     1926     2292     2243     2140
     2074     2091     2086     2006     1939     2104     2125     2098     1903     2129     2153     2154     2102     1949     2211     1971     2084     2211     2055     2082     1694     2370     1802     1892     2113     1793     2165     2081     1829     2326     1918     1831     2096     2278     1767     1822     2145     2167     2232     2169     2087     2235     2142     1975     1897     2090     2111     2122     2139     2242     2144
     2178     2187     2184     2195     2133     2250     2047     2465     1941     2043     2068     2205     2311     2146     2309     2207     2208     2168     1848     1799     2194     2147     2265     2268     2270     2112     2218     2161     1961     2106     2274     2017     2128     2175     2381     2210     2036     2117     1911     2284     2232     2170     2131     2235     2186     2039     2140     2292     1699     2190     2342
     1876     2201     2193     1893     2058     2198     2300     2250     2119     2164     2200     2231     2063     2258     2259     2208     2252     2155     2261     2108     2057     2217     2319     2195     2215     2188     2163     2173     2270     2016     2171     1856     2238     2158     2382     2124     2181     2332     2172     2225     2285     2283     2132     2026     2202     2229     2239     2115     2239     2242     2341
     2348     2492     2253     2349     2110     2352     2291     2285     2095     2269     2303     2409     2490     2199     2261     2361     2098     2247     1962     2241     2367     2301     2288     2266     2268     2225     2322     2324     2322     2375     2012     2224     2326     2214     2220     2278     2227     2264     2222     2328     2304     2189     2280     1974     2287     2148     2138     2294     2316     2182     2179
     2312     2295     2349     2452     2305     2300     2200     2221     2157     2407     2353     2329     2306     2088     2203     2258     2357     2360     2481     2472     2275     2263     2228     2277     2273     2192     2230     2272     2336     2373     2368     2197     2359     2246     2381     2123     2279     2382     2267     2377     2437     2490     2072     2371     2245     2237     2234     2260     2289     2302     2394
     2479     2314     2392     2348     2372     2276     2356     2376     2379     2495     2460     2317     2461     2474     2397     2254     2333     2162     2127     2417     2480     2398     2366     2340     2399     2256     2474     2369     2373     2414     2345     2343     2420     2388     2380     2020     2151     2308     2346     2430     2387     2386     2362     2492     2404     2418     2411     2385     2403     2498     2335
     2433     2501     2296     2405     2410     2103     2313     2417     2444     2509     2473     2363     2443     2364     2455     2130     2516     2436     2344     2419     2463     2521     2412     2413     2470     2407     2498     2450     2415     2454     2448     2452     2461     2458     2297     2476     2447     2486     2538     2406     2408     2424     2475     2422     2487     2456     2546     2365     2396     2384     2307
     2462     2499     2500     2501     2502     2503     2504     2505     2506     2507     2508     2509     2510     2511     2512     2513     2514     2515     2516     2517     2518     2519     2520     2521     2522     2523     2524     2525     2526     2527     2528     2529     2530     2531     2532     2533     2534     2535     2536     2537     2538     2539     2540     2541     2542     2543     2544     2545     2546     2547     2548
