           0          141
        1012         1222
        1013         1156
        1017         1369
        1018         1019
        1018         1650
        1018         1728
        1021         1091
        1023         1094
        1023         1429
        1024         1095
        1029         1100
        1029         1170
        1031         1032
        1032         1034
        1032         1101
         103          243
        1034         1104
        1036         1106
        1041         1111
        1041         1534
        1041         1537
         104          174
        1042         1672
        1043         1113
        1046         1047
        1046         1248
        1051         1121
         105          177
        1053         1262
        1053         1263
        1055         1124
        1063         1134
        1064         1131
        1064         1205
        1064         1835
        1066         1206
        1066         1347
        1067         1207
        1068         1352
        1072         1142
        1077         1218
        1077         1289
         108          177
        1086         1158
        1086         1228
        1087         1158
        1090         1091
        1090         1160
        1091         1162
        1092         1093
        1093         1514
        1095         1164
        1095         1236
        1097         1238
        1098         1169
        1098         1310
        1099         1169
        1101         1171
        1102         1242
        1106         1107
        1106         1177
        1107         1108
        1107         1109
        1112         1181
        1113         1183
        1113         1253
        1114         1185
        1118         1119
        1118         1187
        1118         1189
        1120         1121
        1124         1195
        1124         1265
        1127         1341
        1129         1130
        1130         1131
        1130         1271
        1131         1419
         113          184
        1134         1203
        1134         1345
        1141         1142
         114          115
        1142         1352
        1143         1638
        1143         1909
        1147         1218
         115         1093
         115         1733
        1153         1223
        1156         1226
        1156         1367
        1158         1229
        1161         1231
        1169         1240
        1170         1382
         117          187
        1174         1315
        1178         1248
        1180         1181
        1181         1462
        1185         1256
        1185         1325
        1187         1466
        1187         1469
         119          189
        1192         1263
         119          258
        1194         1263
        1196         1197
        1197         1198
        1197         1341
         120          191
        1207         1421
        1207         1563
        1212         1283
          12           13
        1214         1215
        1215         1216
        1215         1356
        1218         1219
        1220         1431
        1221         1222
         122          192
        1222         1223
        1223         1294
        1226         1227
        1226         1366
        1228         1298
        1231         1301
        1231         1371
        1234         1235
        1234         1376
        1236         1306
        1236         1377
        1239         1310
        1241         1242
        1242         1382
        1246         1317
         125          196
        1252         1253
        1255         1325
        1256         1398
        1256         1466
        1258         1469
         126          127
         126          129
        1262         1331
         126          268
        1265         1403
        1265         1406
        1267         1338
        1267         1540
        1267         1758
        1274         1344
         128          198
        1287         1429
        1289         1360
        1299         1300
        1300         1370
         130          199
        1302         1515
        1302         1797
        1304         1374
        1310         1592
        1310         1728
        1314         1315
        1315         1386
        1317         1387
        1317         1528
        1319         1600
        1320         1461
        1323         1536
        1325         1395
        1328         1398
        1330         1331
        1331         1402
         133          134
        1332         1403
        1337         1408
        1339         1415
        1339         1482
        1341         1484
         134          204
        1342         1484
        1345         1418
        1345         1558
        1347         1558
        1347         1698
        1349         1421
        1352         1353
        1355         1426
        1356         1425
        1356         1427
         136          206
        1362         1363
        1363         1432
        1363         1434
        1367         1369
        1367         1509
        1370         1583
        1370         1650
        1371         1513
        1371         1514
        1373         1374
        1374         1376
        1376         1587
        1377         1378
        1377         1379
        1379         1451
        1379         1587
        1381         1452
        1382         1664
        1383         1384
        1384         1454
          13           86
          13           89
        1389         1460
        1397         1466
        1398         1468
        1401         1472
         140          210
        1403         1540
        1403         1614
        1408         1472
        1408         1761
        1410         1623
         141          218
        1414         1415
         141          566
        1419         1629
        1419         1632
        1421         1422
        1425         1494
        1425         1495
        1426         1642
        1426         1643
        1429         1516
        1431         1567
        1432         1435
        1432         1503
        1435         1580
        1435         1924
        1438         1507
        1441         1583
         144          214
        1443         1515
        1446         1516
        1448         1520
         145          214
        1452         1520
        1452         1521
         145          359
        1454         1742
         145          428
        1455         1526
        1460         1530
        1460         1600
        1461         1462
        1461         1602
        1462         1672
        1464         1536
        1469         1537
        1470         1540
        1471         1541
        1471         1684
        1472         1822
        1473         1543
        1476         1477
        1476         1479
        1476         1615
        1477         1478
        1477         1547
         148          220
         148          290
        1484         1623
        1486         1487
        1486         1555
        1486         1556
        1489         1490
        1489         1559
        1489         1629
        1491         1561
        1493         1494
        1494         1638
        1494         1911
        1501         1569
        1504         1574
        1506         1576
        1507         1577
        1507         1580
        1510         1580
         151          152
        1514         1817
        1515         1586
        1516         1907
        1520         1592
         152          157
         152          295
        1523         1664
        1524         1594
        1524         1666
        1524         2163
        1525         1596
        1526         1527
        1526         1598
         153          155
        1534         1673
        1536         1607
        1537         1538
        1542         1543
        1543         1612
         155          156
         155          157
        1555         1623
        1555         1694
        1557         1558
        1560         1700
        1561         1700
        1561         1766
        1563         1634
        1563         1710
        1563         1844
        1566         1567
        1567         1642
        1568         1569
        1569         1643
        1571         1641
         157          230
        1574         1643
        1574         1644
        1576         1648
        1576         1649
        1578         1648
        1582         1725
        1583         1655
        1584         1655
          15           86
        1587         1657
        1589         1591
        1589         1729
        1589         1731
        1592         1663
         159          230
        1595         1665
        1596         1666
        1596         1667
        1598         1669
        1598         1881
        1599         1669
        1600         1670
        1611         1682
        1612         1614
        1612         1682
        1613         1684
        1614         1617
        1617         1618
        1617         1686
         162          301
        1628         1629
        1632         1698
        1632         1703
        1637         1777
        1638         1708
        1641         1710
        1641         1711
        1642         1712
        1646         1718
        1648         1718
        1649         1715
        1649         3275
        1650         2217
        1655         1727
        1660         1662
        1662         1731
        1662         1943
        1664         1734
        1665         1878
        1666         2090
        1668         1807
        1668         1881
        1668         1952
        1669         1879
        1671         1742
        1672         1741
        1677         1678
        1677         1744
        1677         1746
        1682         1752
        1684         1753
        1695         1766
        1698         1766
        1700         1769
         170          243
        1704         1775
        1709         1849
        1710         1911
        1713         1784
        1715         1722
        1715         3545
        1718         1788
        1720         1790
        1721         1722
        1722         1793
        1722         1931
        1724         1794
        1725         1920
        1725         1940
        1729         1730
        1729         1869
        1731         1873
        1733         1907
        1733         3624
        1733         3839
        1735         1806
        1737         1807
        1739         1809
        1740         1810
        1741         1811
        1742         1743
        1742         1952
         174          315
         174          454
        1750         1820
         175          247
        1753         1761
        1753         1824
        1754         1755
         175          454
        1755         2323
        1755         2469
        1756         1827
        1758         1822
        1758         1828
        1759         1830
        1761         1832
        1761         1976
         176          177
        1766         1836
        1767         1769
        1769         1770
        1772         1773
        1772         1984
        1772         2055
        1775         1776
        1775         1845
        1776         1844
        1776         2055
        1777         1849
        1777         1917
        1784         1855
        1784         1996
        1785         1856
          17           86
        1790         1794
        1790         2217
        1792         1934
        1794         2429
        1796         1866
        1797         1868
         180          460
         180          529
        1806         1876
        1806         1946
        1807         1877
        1808         1809
        1809         1878
        1810         1879
        1810         1880
        1813         1814
        1813         1883
        1813         1885
         181          322
        1816         1886
        1817         1818
        1817         1889
        1820         1822
        1820         1890
         182          183
        1822         2035
         182          252
        1823         1894
         182          323
        1827         1969
        1827         2182
        1830         1900
        1830         1970
        1834         1904
        1835         3903
        1837         1908
        1839         1910
        1842         1912
        1843         1844
         184          327
        1844         1916
        1849         1918
        1856         1858
        1856         3407
        1857         1858
        1858         1937
        1860         2001
        1864         1865
        1864         2075
        1864         2355
        1866         2006
        1866         2218
        1872         1940
         187          258
         187          328
        1879         1949
        1881         1882
        1885         1886
        1885         1955
        1886         2095
          18           89
        1894         1964
        1894         2036
        1898         1969
        1901         1902
        1902         1904
        1902         1976
        1904         1975
        1906         1907
        1908         1909
        1908         1978
        1910         1911
        1910         1981
         191          193
        1912         1983
        1912         1984
         191          334
        1914         1984
         191          475
        1917         2055
        1917         2056
        1920         1922
        1920         2013
        1921         1922
        1922         1924
        1923         1993
         192          333
         192          334
        1924         1995
        1931         1932
        1931         1940
         193          263
        1933         2076
        1933         2144
        1933         2355
        1934         2005
        1934         2076
        1936         2006
        1937         2011
        1937         2218
        1943         2231
        1943         2298
         194          334
        1946         1947
        1946         2017
        1947         1948
        1947         2090
        1951         2021
        1952         2165
        1956         1957
        1956         1958
        1956         2026
        1958         1959
        1958         2097
        1959         2099
        1959         2237
        1962         2035
         196          267
         196          268
        1967         2048
        1967         2395
        1967         4863
        1969         2888
        1970         2043
        1970         2259
         197          198
        1972         2112
        1976         1977
        1988         2059
          19           89
        1991         2062
        1991         2065
        1991         3058
        1992         1993
         199          268
        1993         2135
        1993         2207
         199          339
        1996         1998
        1996         2065
        1996         2066
        1997         1998
        1998         1999
        2001         2070
        2001         2570
        2004         2075
        2006         2077
        2008         2079
        2009         2011
        2011         2012
         201          273
        2013         2155
        2013         2982
        2015         2086
        2018         2159
        2021         2091
        2021         2092
        2023         2094
        2028         2097
        2035         2176
        2036         2037
        2036         2108
        2038         2039
        2039         2109
        2039         2394
        2043         2114
        2043         2334
         204          552
        2046         2047
        2046         2115
        2046         2187
         204          625
         204          628
        2048         2188
        2048         2413
        2048         3903
        2049         2120
        2052         2124
         205          416
        2059         2120
        2059         2131
        2059         3042
        2061         2134
         206          277
         206          418
        2065         2202
        2069         2139
        2070         2072
        2070         2422
         207          208
        2072         2073
        2072         2142
        2074         2144
        2075         2282
        2076         2146
        2079         2080
        2079         2222
        2082         2222
        2083         2084
        2083         2155
        2083         2296
         208          349
         208          489
        2086         2159
        2086         2231
          20           89
        2090         2092
        2092         2093
         209          279
         209          349
        2094         2164
        2094         2165
        2095         2097
        2095         2168
        2096         2168
        2102         2172
         210          280
         210          421
        2105         2245
        2108         2245
        2108         2320
        2109         2180
        2109         2747
        2111         2112
        2112         2183
        2112         2184
        2113         2114
        2114         2185
          21          162
        2120         2541
          21           22
        2122         2128
        2122         2191
        2122         2262
         212          284
        2124         2266
        2124         2336
        2126         2127
        2126         2336
        2126         2407
        2128         2129
        2128         2620
        2130         2200
          21          306
         213          214
        2134         2705
        2134         2846
        2136         2208
        2139         2210
        2139         2279
        2143         2144
        2144         2285
        2145         2216
        2149         2219
        2154         2155
        2159         2160
         216          287
        2163         2504
        2163         2924
        2165         2166
        2168         2169
        2170         2241
        2172         2314
        2172         2315
        2178         2318
        2179         2249
        2181         2250
        2182         2252
        2182         2543
         218          288
        2184         2258
        2184         2326
        2187         2259
        2187         2543
        2189         2190
        2190         2261
        2190         2332
         219          290
        2193         2334
        2196         2266
        2200         2268
        2200         2270
        2202         2268
        2202         2274
         220          359
        2207         2349
        2207         2419
        2208         2210
        2208         2423
        2210         2281
        2211         2282
        2216         2217
        2216         2286
        2218         2298
        2219         2222
        2219         2223
        2219         2289
        2223         2294
        2223         2296
        2227         2296
        2231         2303
         223          224
         223          506
        2236         2304
         223          645
        2237         2308
        2237         2924
        2237         3768
        2238         2308
        2241         2310
        2241         2662
        2241         2944
        2245         3371
        2249         2250
        2249         2319
        2250         2392
        2258         2329
        2258         2468
        2259         2332
        2262         2263
        2262         2552
        2265         2266
        2267         2268
        2272         2273
         227          228
        2273         2342
        2273         2344
        2274         2342
        2274         2414
        2277         2347
        2278         2419
        2282         2429
         228          229
         228          296
        2287         2357
        2298         2559
         230          370
        2304         2442
        2304         2588
        2306         2307
        2306         2308
        2306         2376
        2308         2309
        2308         2518
        2312         2604
        2312         2947
        2312         3228
        2315         2318
        2315         2386
        2317         2388
        2318         2461
        2320         2321
        2320         3162
         232          303
        2323         2334
        2323         2393
        2324         2394
        2332         2333
        2334         2402
        2336         2406
        2341         2342
        2341         2483
        2341         2558
        2343         2414
         234          375
        2345         2486
        2347         2416
        2347         2418
        2349         2351
        2349         2490
        2353         2355
        2355         2357
        2357         2426
        2359         2360
        2360         2432
        2360         2434
        2362         2432
        2366         2436
        2367         2368
        2367         2506
        2367         2570
        2370         2373
        2370         2512
        2370         2588
        2371         2442
        2372         2373
         237          306
         237          307
        2373         2445
        2374         2445
        2378         2447
        2384         2455
        2386         2388
        2386         2457
        2387         2458
        2388         2389
        2391         2392
        2392         2463
        2392         2464
         239          310
        2394         2464
        2395         2396
        2395         2747
        2401         2402
        2402         2404
        2407         2692
        2407         2903
        2409         2480
        2412         2413
        2413         3100
        2414         2486
        2418         2488
        2418         2559
        2419         2489
        2421         2422
        2422         2711
        2423         2494
        2423         2711
        2423         2920
        2424         2495
        2426         2427
        2426         2496
        2428         2498
        2429         2430
        2429         2499
        2431         2432
        2432         2503
        2433         2504
         243          382
        2434         2436
        2434         2501
        2435         2436
        2438         2442
        2438         2586
        2438         3351
        2438         3841
        2440         2511
        2444         2514
        2445         2447
        2446         2447
        2450         2521
        2451         2521
        2452         2523
        2452         2809
        2452         2810
        2453         2666
        2455         2456
        2455         2526
        2458         2528
        2458         2599
        2461         2462
        2461         2604
         246          247
        2464         2676
        2466         2538
        2468         2471
        2468         2610
        2469         2539
        2469         2607
        2470         2541
        2471         2473
        2471         2888
        2472         2473
         247          248
        2473         2477
        2475         2477
        2477         2548
        2480         2691
        2480         2692
        2484         2556
        2486         2487
        2490         2632
        2490         2846
        2491         2562
          24           94
        2495         2565
        2495         2567
        2498         2640
        2498         2710
        2500         2501
        2501         2506
         250          391
        2504         3351
        2505         2647
        2506         2577
        2508         2579
        2510         2580
        2511         2512
        2511         2581
        2512         2583
        2513         2514
        2514         2585
        2514         2655
        2520         2521
        2521         2592
        2521         2662
        2522         2593
        2526         2812
        2526         2955
         253          254
        2538         2610
        2538         2749
        2540         2610
        2541         2546
        2542         2683
         254          323
        2543         2615
        2546         2552
        2546         2830
        2552         2554
        2553         2624
        2554         2556
        2554         2624
        2556         2627
        2558         2707
        2558         3254
        2559         2778
        2560         2631
        2562         2563
        2562         2632
        2564         2565
        2565         2566
        2567         2708
        2567         2710
        2567         2920
        2570         3270
        2571         2642
        2571         2648
        2571         3138
         257          258
        2573         2575
        2575         2713
        2575         2926
        2578         2648
        2578         2714
        2578         3076
        2579         2721
        2579         2866
        2580         2651
        2580         2655
        2586         2656
        2586         2868
        2588         2729
        2593         2594
        2593         2806
        2594         2666
        2594         2809
        2597         2599
        2597         2667
        2597         2812
        2599         2673
        2601         2602
        2601         2671
        2601         2742
        2604         2746
        2605         2675
        2607         2608
        2607         3026
        2611         3042
        2611         3101
        2611         4030
        2619         2620
        2620         2756
        2624         2695
        2626         2697
        2628         2698
        2631         2701
        2631         2773
        2632         2774
        2637         2707
        2641         2713
        2644         2645
        2645         2714
        2645         2786
        2647         2787
        2647         2926
        2648         2719
        2650         2721
         265          335
        2655         2727
        2655         2868
         265          551
        2657         2727
        2659         2729
        2660         2661
        2660         2730
        2660         2801
        2662         2803
        2663         2664
        2664         2735
        2664         2806
        2666         2808
        2670         2740
        2672         2673
        2673         2742
        2675         2746
        2675         2815
        2679         2749
        2681         2750
        2682         2753
        2683         2754
        2683         2825
        2686         2756
        2687         2689
        2689         2690
        2689         2758
        2692         2834
        2693         2694
         269          339
        2694         3046
        2694         3818
        2697         2698
        2697         2771
        2698         2769
        2700         2701
        2701         2702
        2703         2774
        2704         2705
        2705         3058
        2706         2776
        2707         3545
        2709         2778
        2710         2783
        2711         2781
         271          272
        2713         3138
        2714         3206
         271          551
         271          905
        2720         2791
        2721         2724
        2727         2796
        2729         2799
           2           73
        2732         2802
         273          274
         273          410
        2734         2803
         273          624
        2736         2807
        2739         2740
        2740         2809
        2742         2743
        2744         2815
        2745         2746
        2747         2887
        2749         2819
        2750         2820
        2750         2822
        2753         3038
        2753         3321
        2754         2755
        2754         2824
        2756         2825
        2756         2903
        2758         2761
        2758         2829
        2759         2830
        2761         2830
        2761         2832
        2766         2767
        2767         2835
        2767         2912
        2768         2769
        2769         2840
        2771         2842
        2771         2910
        2773         3194
        2773         3270
        2774         2845
        2776         2847
        2776         2848
        2777         2778
        2778         3270
        2783         2784
        2783         3064
        2788         2859
        2789         3005
        2789         3073
        2789         3209
        2791         2935
        2791         3005
          27           97
        2800         2801
        2801         2871
        2801         3010
        2802         2803
        2802         2873
        2806         2875
        2807         2879
        2807         2948
        2810         3092
        2810         3157
        2811         2812
        2815         2816
        2822         2892
        2822         3033
         282          283
         282          284
         282          352
        2825         2967
        2826         2897
        2835         3046
        2835         3691
        2836         2837
        2837         3120
        2837         3333
        2839         2910
        2841         2912
         284          356
        2844         2914
        2846         2848
        2848         2919
        2849         2920
        2852         2853
        2852         3063
        2852         3064
         285          356
        2859         3002
        2859         3142
        2861         2862
        2862         2933
        2862         3073
        2863         2935
        2866         2937
        2866         3076
        2868         2869
         287          359
         287          570
        2888         3028
        2891         2961
        2894         3038
          28           97
        2897         3040
        2897         3110
        2898         2901
        2901         2902
        2901         2903
         290          360
        2906         2907
        2907         2976
        2907         3261
        2908         2979
        2910         2912
         291         1001
        2914         3125
        2914         3195
         291          433
         291          643
        2920         3059
        2922         3063
        2923         2924
        2925         2926
        2928         2997
        2935         2936
        2937         3007
        2937         3009
        2941         3012
        2942         3014
        2942         3362
        2942         3502
        2943         3014
        2944         3085
        2944         3225
        2945         2946
        2945         3015
        2945         3085
        2947         2948
        2947         3162
        2948         3018
        2954         3024
         295          434
        2955         3371
        2955         3439
        2961         3034
        2961         3036
         296          378
        2965         3036
         296          931
        2971         3040
        2973         3044
         297          369
        2976         3044
        2976         3683
        2977         3047
        2979         2980
        2979         3049
        2980         3051
        2980         3120
        2982         3047
        2982         3123
        2985         2986
        2985         3194
        2985         3195
        2989         3059
        2992         3061
        2997         3002
        2997         3069
        3000         3073
        3002         3003
         300          370
        3005         3217
        3010         3292
        3010         3362
        3012         3013
        3012         3082
        3014         3084
        3016         3088
        3019         3020
        3020         3024
        3020         3089
        3022         3093
        3023         3024
        3024         3095
        3025         3237
        3026         3860
        3026         3993
        3031         3173
        3033         3101
        3033         3103
         303          372
         303          375
        3034         3106
        3034         3173
        3034         3321
        3036         3245
        3038         3248
        3039         3040
        3042         3323
        3044         3114
        3045         3185
        3046         3395
        3047         3061
        3050         3120
        3052         3123
         305          306
        3054         3125
        3057         3127
        3058         3127
        3059         3200
        3061         3333
        3062         3063
        3064         3066
         306         4326
        3065         3066
        3066         3137
         306          993
        3075         3145
        3076         3216
        3080         3151
        3082         3153
        3082         3224
         308          309
        3085         3155
        3088         3159
        3088         3299
        3089         3157
        3089         3301
        3090         3162
        3092         3093
        3092         3163
         309          310
        3093         3227
         309          452
        3097         3099
        3097         3237
        3097         4368
        3098         3099
        3099         3729
        3100         3236
        3100         3315
        3101         3243
         310          380
        3107         3108
        3107         3176
        3107         3245
        3110         3180
        3110         3248
        3112         3113
        3112         3182
        3112         3323
        3117         3256
        3123         3263
         312          382
        3125         3126
        3127         3199
        3131         3202
        3138         3208
        3142         3707
        3142         3779
        3143         3213
        3144         3145
        3144         3213
        3144         3286
        3145         3354
        3147         3148
        3148         3149
        3148         3217
        3150         3221
        3151         3152
        3151         3221
        3156         3157
        3158         3228
         316          387
        3167         3168
        3168         3169
        3168         3310
        3170         3240
        3173         3174
        3178         3180
        3180         3251
        3185         3254
        3185         3255
        3188         3328
        3190         3330
        3194         3265
        3195         3335
        3202         3340
        3202         3551
        3205         3206
        3206         3209
        3209         3281
        3213         3284
        3215         3286
        3217         3218
        3217         3353
        3218         3219
        3218         3288
        3221         3290
        3221         3292
         322         1369
        3224         3294
        3224         3508
        3224         4065
        3225         3368
        3225         3508
        3227         3228
        3227         3297
         322          804
         323          464
        3235         3304
        3236         3238
        3236         4030
        3237         3307
        3238         3309
        3238         3310
        3240         4088
        3240         4221
        3245         3315
        3248         3318
        3250         3321
         325          326
        3254         3899
        3256         3327
        3256         3395
        3261         3330
        3261         3331
         326          395
        3267         3268
        3268         3269
        3268         3335
        3272         3342
        3274         3343
        3275         3418
        3276         3346
         328         1384
         328         1878
        3285         3355
        3286         3287
        3289         3359
        3291         3361
        3292         3365
        3295         3365
        3298         3368
        3299         3301
        3299         3369
        3301         3302
        3303         3304
         330          399
        3304         3375
        3310         3377
         331         1665
        3312         3383
         331          402
        3314         3383
        3314         3457
        3314         3664
        3315         3596
        3316         3387
        3317         3318
        3318         3319
         331          955
        3321         3462
        3323         3375
        3328         3541
        3328         3751
        3329         3330
        3330         3684
        3333         3403
        3333         3407
        3334         3335
        3339         3409
        3340         3342
        3340         3409
        3341         3342
        3342         3413
        3343         3551
        3343         3624
        3345         3485
        3346         3418
        3346         3485
        3346         3488
        3350         3418
        3351         3422
        3353         3358
        3353         3486
        3354         3633
        3354         3779
        3355         3358
        3355         3567
        3358         3359
        3358         3844
        3359         3428
        3360         3361
        3361         3502
        3362         3432
         336          406
        3364         3365
        3365         3647
        3367         3368
        3371         3442
         337          408
         337          475
        3375         3454
         337          616
        3383         3524
        3384         3454
        3386         3456
        3387         3458
        3387         3459
        3392         3462
        3393         3464
         339          480
        3395         4104
        3397         3399
        3399         3470
        3399         3541
        3401         3402
        3402         3473
        3402         3684
        3407         3763
        3409         3480
        3410         3411
          34          105
        3411         3483
        3411         3626
        3412         3483
         341          412
        3416         3486
        3420         3491
        3424         3425
        3424         3494
        3424         3564
        3428         3429
        3428         3497
        3433         3504
        3434         3435
        3434         3508
        3434         3993
        3439         3508
        3439         3509
        3440         3511
         344          345
        3445         3446
        3445         3932
        3445         4006
        3450         3521
        3450         3592
        3450         3663
        3451         3452
        3452         3592
        3452         3593
        3453         3524
         345          410
        3454         3463
        3455         3456
         345          625
        3456         3457
        3457         3528
        3459         3464
        3459         3530
        3462         3532
        3463         3511
        3463         3534
        3464         3677
        3472         3543
        3477         3478
        3478         3479
        3478         3621
        3483         3484
        3485         3626
        3486         3557
        3490         3491
        3490         3557
        3490         3701
        3491         3492
         349          419
        3496         3567
        3500         3643
        3502         4065
        3502         4066
        3504         3575
        3504         3645
        3511         3583
        3511         3722
        3514         3515
        3514         3654
        3514         3864
        3518         4006
        3518         4299
        3518         4513
        3519         3589
        3520         3521
        3521         3522
        3524         3594
        3525         3526
        3526         3599
        3526         4444
        3530         3600
        3530         3678
        3531         3603
         353          424
        3535         3603
        3537         3538
        3538         3539
        3538         3609
        3541         3682
        3543         3545
        3543         3615
        3546         3618
        3548         3617
        3548         3618
        3548         3619
        3551         4256
        3552         3623
        3556         3557
        3561         3632
        3561         3707
        3561         3844
        3562         3633
        3564         3774
        3564         3917
         356          496
        3567         3569
        3584         3654
         358          570
        3587         3727
        3589         3590
        3589         3659
        3590         3732
        3590         3871
        3592         3871
        3596         3667
        3596         3877
        3597         3668
        3599         3651
        3599         3678
        3603         3676
        3608         3678
        3609         4032
        3609         4104
        3614         3615
        3615         3616
        3617         3756
        3617         3824
        3618         3620
        3621         3692
        3621         3763
        3623         3834
        3623         3906
        3624         3985
         362          502
        3625         3696
        3626         3697
        3633         3917
         363          433
          36           38
        3640         3641
        3640         3712
        3640         3852
        3643         3714
        3643         3926
        3645         3717
        3645         3786
        3648         3719
        3651         3653
        3651         3719
        3652         3653
        3653         4072
        3654         3794
        3661         3732
        3663         3875
        3663         4012
        3664         3735
        3664         3877
         366          506
         366          577
        3668         4162
        3668         4301
        3670         3739
        3670         3945
        3670         4094
        3672         3811
        3672         4025
        3672         4027
        3676         3677
        3676         3746
        3677         3748
        3680         3820
        3683         3691
        3683         3755
        3684         3824
        3685         3756
        3691         3832
        3695         3765
        3696         3766
        3696         3768
         369          643
        3699         3701
         369          993
        3701         3772
         370          441
        3705         3774
        3707         3777
        3708         3779
        3711         3712
        3712         3993
        3713         3714
        3714         3785
        3718         3786
        3718         3816
        3718         4725
        3719         3790
        3722         3723
        3722         3973
         372          573
        3726         3727
         372          645
        3727         3867
        3728         3729
        3729         4221
        3732         3872
        3737         3879
        3742         3813
        3744         3745
        3744         3814
        3744         3956
        3751         3964
        3751         4109
        3752         3824
         375          515
        3756         3757
        3756         3897
        3758         3759
        3759         3971
        3759         4182
        3763         3970
        3765         3836
        3765         3839
        3768         3983
        3769         3839
        3773         3774
         377          447
        3780         3850
        3780         3992
        3780         3993
         378          452
        3786         3857
        3789         3790
        3790         3791
        3792         3861
        3798         3939
        3798         4009
        3798         4150
        3799         3869
        3802         3872
        3803         3944
        3804         3875
        3808         3878
          38          105
        3813         4025
        3813         4030
        3816         3881
        3816         3958
          38          175
        3818         3888
        3818         3899
        3820         3891
        3820         3962
        3826         3897
        3829         3899
        3830         3971
        3833         3903
        3834         3974
        3834         4049
        3835         3906
          38          389
        3840         3982
        3841         3844
        3841         3982
        3844         3916
        3845         3916
        3851         3921
        3858         3998
        3860         4282
        3860         4650
        3860         4863
        3861         4357
        3861         4853
        3864         3932
        3864         4076
        3867         3937
        3867         4009
        3869         4011
        3869         4082
        3871         3941
        3872         3943
         387          525
        3875         3876
         387          668
        3877         3878
        3878         4019
        3879         4160
        3879         4162
        3880         3950
        3881         3950
        3881         3952
        3881         4444
        3889         3958
        3892         3964
         389          452
         389          459
        3895         3967
        3897         3898
         390          391
        3904         3974
        3906         3908
        3906         4047
        3907         3908
        3908         3909
        3912         3983
         391          460
        3916         4059
        3917         3919
        3920         3921
        3921         3992
         392          462
        3925         4064
        3926         3998
        3926         4066
        3932         4002
        3933         4004
        3942         4013
        3944         4650
        3944         4851
        3945         4085
        3945         4361
        3949         4020
        3950         4021
        3953         4023
         395          465
         395          535
        3956         4026
        3956         4027
        3957         3958
        3962         3963
        3962         4032
        3964         4399
        3965         3967
        3965         4455
        3965         4526
        3967         3968
        3970         4040
        3970         4326
        3971         4043
        3972         3973
        3973         4013
        3974         4044
        3975         4046
        3977         4048
        3980         4121
        3982         4052
        3983         3985
        3983         4125
        3984         3985
        3991         4062
        3992         4063
         399          469
         399          472
        3996         3998
        4000         4070
        4004         4005
        4004         4076
        4006         4007
        4009         4082
        4012         4088
        4012         4224
        4013         4094
        4014         4084
        4016         4086
        4020         4091
        4020         4160
        4022         4093
        4023         4093
        4023         4162
        4025         4095
        4027         4029
         403         1744
        4032         4102
         403          474
         403          821
        4043         4114
        4043         4183
        4046         4115
        4046         4256
        4048         4117
        4048         4256
        4049         4115
        4049         4328
        4053         4267
        4056         4126
        4059         4129
        4059         4198
        4062         4132
        4062         4133
        4064         4279
        4064         4282
        4065         4135
         406          547
         406          618
        4066         4210
        4068         4069
        4069         4070
        4069         4282
        4070         4140
        4071         4142
        4072         4150
        4072         4513
        4073         4074
        4074         4145
        4074         4217
         407          478
        4075         4145
        4076         4147
        4077         4148
        4082         4153
        4083         4224
        4084         4156
        4084         4296
        4086         4156
        4086         4227
        4088         4301
        4093         4163
        4094         4110
        4094         4452
        4097         4170
        4103         4173
        4104         4174
         410          481
        4107         4108
        4107         4177
        4107         4178
        4109         4179
        4109         4821
        4110         4173
        4110         4460
          41          110
        4112         4183
        4113         4184
        4115         4184
         411          552
        4117         4118
        4117         4187
          41          180
        4121         4260
        4121         4752
          41          254
         412          553
         412          624
        4126         4267
        4126         4268
        4130         4200
        4131         4202
        4133         4276
        4133         4279
        4134         4205
        4142         4283
        4142         4284
        4143         4214
        4145         4216
        4148         4217
        4148         4218
        4150         4217
        4151         4222
        4155         4156
        4160         4229
         416          555
         416          557
        4170         4171
        4170         4173
        4173         4387
         417          418
        4175         4245
        4178         4246
        4178         4319
        4180         4250
        4182         4529
        4182         4675
        4183         4325
        4184         4185
         418          489
        4189         4328
        4200         4202
        4200         4271
        4202         4416
        4202         4560
        4203         4274
        4203         4557
        4203         4770
        4204         4275
        4205         4276
        4205         4277
        4209         4280
         421          424
        4214         4285
        4214         4286
         421          992
        4221         4286
        4222         4223
        4222         4224
        4224         4366
        4231         4303
        4234         4235
        4235         4238
        4235         4239
        4237         4238
        4238         4309
        4239         4311
        4239         4379
        4240         4311
        4242         4311
        4244         4245
        4245         4384
        4246         4250
        4246         4315
        4248         4317
         424          919
        4249         4319
        4250         4321
        4250         4460
        4251         4322
        4260         4262
        4260         4401
        4264         4268
        4264         4387
        4264         4675
        4264         4892
         426          496
        4265         4405
        4267         4408
        4268         4269
        4268         4339
         427          428
        4275         4343
        4275         4344
        4276         4346
        4279         4416
        4279         4488
        4280         4281
        4280         4350
        4280         4491
        4284         4353
        4284         4356
         428          643
        4286         4360
        4294         4364
        4296         4583
        4296         4646
        4298         4368
        4299         4300
        4299         4368
        4299         4369
        4301         4438
        4303         4373
        4303         4379
        4303         4452
        4306         4376
        4317         4459
        4317         4529
        4318         4319
        4320         4390
        4322         4462
        4322         4463
        4324         4395
        4326         4395
        4327         4328
        4330         4400
        4331         4332
        4332         4399
        4332         4752
         433          574
        4337         4408
        4341         4342
        4341         4550
        4341         4551
        4343         4557
        4343         4766
        4348         4349
        4348         4416
        4348         4417
        4351         4352
        4352         4425
        4352         4638
        4353         4424
        4353         4638
        4354         4425
         435          506
        4355         4356
        4356         4567
        4357         4498
        4357         4646
        4359         4430
        4361         4574
        4361         4725
        4362         4363
        4363         4433
        4363         4435
        4364         4582
        4364         4583
        4376         4377
        4376         4446
        4377         4378
        4377         4588
        4379         4661
         438          440
        4384         4453
        4384         4455
        4387         4528
        4390         4464
        4390         4526
        4395         4396
        4399         4464
        4400         4540
        4400         4542
        4401         4402
        4401         4540
        4403         4473
        4404         4405
        4404         4473
        4404         4543
         440          513
        4405         4476
        4407         4548
        4407         4549
        4407         4759
        4407         4892
        4408         4409
         440          939
        4410         4550
          44          184
        4423         4493
        4425         4853
        4430         4570
        4430         4640
          44          326
        4433         4503
        4433         4506
        4434         4435
         443          513
        4435         4437
        4438         4440
        4438         4508
        4444         4518
          44           45
        4447         4518
        4449         4520
        4450         4452
        4455         4456
        4460         4530
        4462         4531
        4462         4601
        4464         4467
         446          515
        4465         4535
        4467         4468
        4467         4747
        4470         4539
        4472         4473
        4475         4546
         447          579
        4477         4546
         447          939
        4482         4483
        4483         4485
        4483         4488
        4484         4624
         448          519
        4485         4486
        4485         4555
        4488         4492
        4490         4491
        4491         4492
        4492         4565
        4493         4564
        4493         4706
         449          518
        4495         4565
         449          591
        4501         4502
        4502         4571
        4502         4573
        4505         4574
        4506         4577
        4506         4582
        4512         4582
        4513         4585
        4518         4588
        4520         4523
        4520         4592
        4522         4592
        4523         4805
        4523         4807
        4526         4739
        4527         4528
        4528         4599
        4529         4821
        4532         4604
         453          454
        4535         4606
        4535         4607
        4537         4608
        4538         4539
        4539         4609
        4540         4681
        4543         4614
        4543         4615
        4544         4545
        4545         4546
        4545         4548
        4548         4689
        4550         4620
        4551         4623
        4551         4690
        4551         4766
        4553         4623
         455          526
        4555         4624
        4555         4626
        4557         4559
        4560         4703
        4560         4770
        4560         4776
        4562         4704
        4565         4706
        4571         4574
        4571         4711
        4576         4577
        4577         4580
        4578         4580
        4580         4581
        4583         4654
        4584         4585
         458          528
        4585         4727
        4586         4728
        4588         4659
        4589         4660
        4591         4592
        4596         4597
        4597         4738
        4597         4739
        4600         4671
        4601         4670
        4601         4814
        4604         4605
        4604         4676
         460          600
        4607         4608
        4607         4747
        4608         4678
        4609         4680
        4609         4892
        4611         4682
         461          462
        4615         4755
        4615         4759
        4616         4617
        4617         4618
        4617         4757
          46          187
        4623         4764
        4624         4695
         462          601
        4631         4632
        4631         4703
        4631         4840
        4638         4786
        4640         4644
        4640         4786
        4644         4645
        4644         4782
        4646         4851
        4648         4719
        4650         4719
        4650         4859
        4651         4722
        4653         4723
        4656         4727
        4660         4728
        4660         4869
        4661         4732
        4661         4807
        4661         4869
        4663         4733
        4668         4738
        4670         4739
        4670         4742
        4670         4812
        4671         4673
        4671         4814
        4675         4676
        4676         4677
        4680         4751
        4680         4888
        4682         4753
        4682         4894
         468          537
        4690         4762
        4690         4831
        4693         4764
        4696         4697
        4697         4698
        4697         4769
        4699         4770
        4703         4773
        4703         4844
        4704         4705
        4704         4775
         470          540
        4706         4779
        4708         4779
        4709         4782
        4713         4782
        4719         4787
        4720         4791
         472         1174
         472         1741
        4722         4723
        4722         4793
        4723         4794
        4725         4794
        4727         4797
        4728         4799
        4731         4800
        4732         4733
        4732         4800
        4732         4802
        4733         4874
        4734         4805
        4738         4808
        4739         4810
        4741         4742
        4742         4884
        4747         4817
        4749         4888
        4750         4821
        4752         4822
         475          479
         475          546
        4755         4757
        4755         4894
        4755         4896
        4757         4827
        4758         4759
        4760         4831
        4764         4765
        4766         4769
        4766         4838
        4769         4839
        4775         4776
        4775         4845
        4776         4846
        4776         4848
        4779         4780
         478          620
        4786         4856
         478          690
        4790         4791
        4790         4859
        4790         4860
        4790         4861
        4791         4792
        4794         4865
         479          550
        4796         4867
         479          829
        4800         4870
        4800         4871
        4805         4875
        4806         4807
        4807         4878
          48          119
        4814         4885
        4826         4827
        4827         4898
        4830         4831
         484          555
        4851         4852
        4853         4855
         485          556
         485          558
         485          628
        4858         4859
        4863         4864
        4867         4868
        4867         4869
        4887         4888
        4893         4894
        4895         4896
         489          558
        4896         4897
         490          491
         491          492
         491          630
         493          564
         495          496
         500          502
         502          573
         509          581
         511          513
         513          587
         514          515
          51           52
         517          587
         518          588
         518          733
         519         1220
         519          803
         520          591
          52          123
         521          593
          52          193
         525          526
         525          595
         526          528
         527          528
         529          665
         529          804
         530          600
         532          602
         533          535
         533          601
         533          605
         535          880
         536          537
         537          539
         539         1029
         539          887
         540         1528
         540         1744
         545          616
         549          620
         551          833
         552          766
         555          558
         558          559
         562          630
         562          633
         562          912
         564          634
         564          635
          56           57
         566          567
         566          636
         567          641
         568          711
         570          571
          57          129
          57          198
         573         1001
           5           75
         579          649
         579          796
         579          931
          58          129
         581          653
         581          796
         585          587
         587          659
         590          660
          59          129
         591          592
         593          664
         593          665
         597          667
         600          671
         601          741
         602         1817
         602          883
         604          605
         605          677
         608          677
         611         1534
         611          827
         611          895
         612          613
          61          265
          61          268
         613          615
         613          755
          61           62
         616          618
         618          619
         618          688
         620          831
         621          622
         621          690
         621          832
          62          203
         624          692
         625          697
          62           63
         628          629
         628          699
         630          913
         632          703
         635          848
         635          992
         637          707
          64          134
         641          642
         641          711
         643          781
         644          714
         645          856
         645          857
         648          718
         649          720
         649          929
         650          721
         652          653
         653          794
         655          656
         656          797
         656          938
         658          728
         659          728
         659          730
         660          731
         660          801
         663          664
         664          876
         665          668
         667         1021
         667         1300
         668          809
         674          744
         675         1170
         675         1454
         675          744
         676          677
         680          681
          68          139
         681          682
         681          752
          68          209
         683         1319
         683         1537
         683          752
         684          754
         686          687
         686          688
         686          756
          68           69
         688          759
         689          690
         696          697
         697          698
          70          141
         702          772
         703         2048
         703          984
         704         1344
         704          709
         704          919
         705          776
         707          777
         707          848
         709         1339
         709          710
         709          778
         711          853
         712          784
         714          785
         714          855
           7          149
         718          859
         718          929
         719          790
           7          218
         721          863
         721          932
         727          797
         728          798
          73          143
          73          212
         733         1143
         733          734
         744          814
         745          815
         749          817
         750          751
         750          817
         750          960
          75          147
          75          212
         752          822
         753          894
         754         1323
         754          905
          75          567
         755          826
         755          827
         757          827
         761          831
         763          833
         764          765
         764          766
         764          905
         766          768
         766          978
          77          148
         771          841
         772          842
         772          913
         776          847
         776          988
           7          781
         779          848
         780          851
         781          851
         784          854
         784          996
         787          857
         790         1431
         790          863
         793          865
         796          938
         797          867
         799          870
         801         1012
          80          150
         801          803
          80          220
         802          872
         803         1228
         804         1023
         804          996
         805          876
         808          949
         815         1097
         815         1098
         816          817
         820          891
         821         1174
         821          894
         825          896
         828          898
         829         1323
         829          899
         829          965
         830          831
         832          833
         832          903
         835          836
         836          907
         836          978
         840          841
         841          912
         844          845
         845         1127
         845         1344
         851          922
         855         1283
         855          857
          85           86
         863         1289
         865         1011
         865          939
         866          937
         870          871
         870          940
         871         1012
         871          942
         872         1220
         872         1435
         875         1017
         876          947
         877         1728
         877         1797
         877          878
         880         1017
         880         1302
         881          882
         882         1234
         882          955
         883         1744
         883          954
         887          890
         887          957
         889          890
         890          960
         891         1101
         891          965
         892          894
          89          295
          89          366
         895         1042
         895          966
         896         1248
         896          965
         898          969
         898          973
         900          902
         900          969
         900          970
         905         1319
         910          912
         910          980
         910          981
         912          984
         913          914
         916          987
         919          920
         923          924
         924         3275
         924         3839
         928          929
         929         1000
         930         1001
         931         1003
         934         1006
         934         1075
         934         1077
         937         1011
         937         1078
         938         1008
          93           94
         941         1011
          94          162
          94          166
         944         1086
         949         1020
         949         1090
         952         1021
         955         1528
         956         1097
         958         1029
          95           96
         960          961
          96          167
         963         1034
         968         1109
         969         1109
          96           97
         972         1042
          97          237
         973         1046
         973         1253
         973          974
         975          976
         976         1118
         976          977
         978          979
           9           80
         981         1121
         981          982
         983         1053
         984         1262
         984         1471
         985         1479
         985          986
         985          993
         987         1057
         987         1127
         988         1415
         988         1479
         989          992
          99          101
         993         1835
          99          378
          99          382
         994         1066
          99          449
         996         1909
         998         1068
         999         1068
         999         1069
         999         1283
