       51      161     1155      611      560       15      207      164      198       37      119      645       69      183      157       16       56       68      448       61      428       73       77      123       25      167      414       78       29      116      177       38      117      139      112      248      118      247       46       42       41       91       43      142       92       93       80       50       49       47       99
      133      185     1106      707      558      104      211      111       70      367       71       64      147       89      496      109      961      110       87       82       81      176      412       75       76      125      126      204       94      140       95      102       84      677       86      451      180      679      129      241       39      141      143      190       97      148      121      100       98      101       46
      383      134      107      607      557      186      136      232      263      165      694      286      115      122      169      145      130      188      166      149      127      172      173      124      219      170      153      299      284      132      138      163      354      909      156      182      154      196      144      193       44      244      269      542      361      366      256      150      189      300      179
      218      229      234      158      355      506      406      456      184      212      231      213      201      594      171      339      289      194      255      226      322      175      225      290      239      238      197      206      210      208      258      701      458      356      405      199      195      240      294      243      191      227      200      334      215      214      647      205      202      203      235
      291      228      280      455      353      260      281      454      898      262      316      216      685      365      347      270      221      376      224      274      325      476      372      295      246      674      237      259      864      304      833      236      249      283      308      329      245      292      141      242      293      278      268      593      364      250      251      252      253      254      257
      277      348      264      502      282      261      312      302      352      301      266      267      268      279      287      327      272      323      426      422      373      418      307      296      297      311      964      651      303      349      288      335      346      624      336      386      292      328       90       45      321      394      298      317      595      447      312      310      798      553      556
      410      338      382      548      452      315      313      314      331      332      362      318      319      320      330      343      421      324      374      358      225      377      337      345      588      350      333      450      686      371      344      385      359      342      388      340      434      379      443      381      395      360      589      696      351      363      501      602      730      505      407
      408      576      378      445      399      672      400      771      829      384      543      369      370      398      444      420      411      273      323      529      413      380      585      442      631      396      449      641      393      392      435      441      340      391      389      416      942      537      491      836      544      489      680      401      402      453      504      653      654      655      605
      409      621      422      532      431      417      415      168      433      429      419      427      435      530      474      424      425      374      274      430       24      432      579      477      882      487      583      580      437      439      437      440      389      387      577      629      488      493      644      649      547      745      601      551      789      497      603      902      861      507      509
      520      518      462      463      464      465      466      512      468      472      471      469      520      573      522      475      478      531      486      483      480      481      482      478      484      485      938      534      536      587      490      492      633      495      494      637      538      746      498      499      500      549      800      503      652      552      554      604      555      704      656
      511      512      513      514      515      516      517      561      519      569      521      467      523      524      937      936      527      525      572     1147      940      533     1201      578      535     1041       26      586      539      540      541      545      591      590      628      546      623      599      673      550      600      650      721      866      831      781      808      559      763      606      809
      562      563      564      565      566      567      568      612      570      571      617     1145      574      575     1144     1146      581      939       22     1148      582      887      584      990      668      630      632      368      592      792      598      596      626      627      622      690      545      640      671      646      738      731      772      723      706      729     1055      727     1002      608      728
      613      614      615      616      618      619      663      620     1040      473      739      625      397      638      643      642      639      892      719      842      634      636      635      841      838      844      687      669      944      670      648      681      693      676      698      695     1205      828      737      788      700      912      814      702      705      762      662      660      708     1100     1104
      664      665      666      667      714      822     1204      691      744      824      675      720      678     1168      683      131      748     1222      682      742      697       17      747      692      688      689      740      741      845      793      946      743     1171     1218      783      699      749      782      801      858      722      812      726      725      757      709      710      712     1105      713      758
      715      716      717      718      765      893     1017      913      724      751      832      732      807      761      778        4      784      750      733      734      735      736      752      799      899      945      791      886      790      794     1219      834     1068     1109      795      896      900      813      753      754      755      756      773      780      759      760     1054      779      948      764        2
      766      767      768      769      770      816      830      863      774      775      776      777      785      610      609        3      859      865      967      787      786      802      996     1107      965      823      837     1097      993      835      947      797      825      827      826      846      911      803      804      805      806      849      811      810     1047      106        5      957      815      862     1004
      817      818      819      820      821      867     1203      884     1108      848      915      847     1170       34      151      903      950      914       35     1151      883      839      843      840      991       31      894      895     1241      120     1014     1044      916      850      851      852      853      854      855      856      857      905      860      703      904      959      897      960     1009     1165     1010
      868      869      870      871      872      873      874      875      876      877      878      879      880      881      918      941      885     1272     1043     1211      888      889      890      891     1094     1042       30     1095      943      796      901     1006      968      917      910     1154      160      958      906      907      908      949       14      135     1005     1061      962     1007      995      966      951
      919      920      921      922      923      924      925      926      927      928      929      930      931      932      933      934      935      969     1092      989      222     1202     1093     1256     1238     1209     1266     1159     1206      994      105      998      508      963      953      954      955      956     1007       52      457      997     1046     1011       66     1008      684     1015     1111     1016     1059
      970      971      972      973      974      975      976      977      978      979      980      981      982      983      984      985      986      987      988     1020     1088     1149      992     1096      146     1169     1240       67      108      305     1053     1049     1102      658       53     1056     1099     1013     1057     1045     1012       57     1065     1164     1060     1152     1112     1058     1018     1019     1110
     1021     1022     1023     1024     1025     1026     1027     1028     1029     1030     1031     1032     1033     1034     1035     1036     1037     1038     1039     1071     1190      276     1261       62       85       13        1       55      661     1050     1051     1052      461     1000     1103     1156      159     1163       58     1067     1157     1062     1063     1064     1113      404     1067     1118     1098     1070     1120
     1072     1073     1074     1075     1076     1077     1078     1079     1080     1081     1082     1083     1084     1085     1086     1087     1089     1138     1090     1091     1122     1198       73       27     1150     1208     1188     1213        6     1101      711      999     1001     1048      659      657     1117     1119       88       11     1216     1167     1114     1115     1116     1153      155     1162     1161     1121     1171
     1123     1124     1125     1126     1127     1128     1129     1130     1131     1132     1133     1134     1135     1136     1137     1139     1197     1140     1141     1142     1143     1173     1247     1252      220      275     1189     1259     1262     1158     1166      233      187     1003       54      403     1160       63       10     1214        7      137      103      162       51     1239     1215        8       65     1172     1207
     1174     1175     1176     1177     1178     1179     1180     1181     1182     1183     1184     1185     1186     1187     1191     1265     1257     1196     1192     1193     1194     1195     1224     1237      525     1199     1200     1242     1253      124     1260       96     1271     1212     1221      285     1210     1263       60      217     1217      309       83       12      152       59     1220       36       18     1223      446
     1225     1226     1227     1228     1229     1230     1231     1232     1233     1234     1235     1236     1245     1243      115      230      181     1264     1248     1244     1246      460      459      408     1249     1250     1251      528      306     1254     1255      326       23     1258       72       20       28       79      113      128       19       32      178     1268     1266     1270     1268        9       33     1274     1272
